30 30 15
44 76
35 73
32 71
25 65
24 64
16 56
7 46
4 42
1 33
3 23
5 18
8 14
12 9
19 5
29 3
39 1
48 4
51 6
58 12
66 20
67 21
76 31
79 35
82 44
80 54
78 59
75 63
71 68
64 72
54 74
48 96
127 254
372 744
739 1478
70 140
113 226
468 936
1100 2200
836 1672
895 1790
1704 3408
412 824
723 1446
1534 3068
1474 2948
1065 2130
742 1484
512 1024
1254 2508
1469 2938
348 696
645 1290
263 526
358 716
238 476
260 520
1524 3048
742 1484
530 1060
779 1558
