100 100 10
134 263
124 261
115 258
108 255
100 251
98 250
93 247
83 241
73 235
68 232
60 227
57 225
53 222
46 216
38 208
37 207
28 197
21 189
15 182
11 177
8 173
5 164
3 155
1 145
1 140
1 139
1 132
1 122
2 115
4 105
6 95
8 87
10 79
12 73
15 65
17 60
18 58
23 50
27 44
30 40
34 35
43 26
45 24
46 23
53 16
61 10
68 6
72 5
82 3
92 1
95 1
105 3
114 6
121 9
129 13
131 14
141 20
151 26
156 29
161 32
169 37
172 39
176 42
183 48
184 49
192 57
201 67
208 75
214 82
218 87
221 91
224 100
226 109
228 119
228 126
228 127
228 137
228 142
227 149
225 159
223 169
221 177
219 185
217 191
214 199
212 204
211 206
206 214
202 220
199 224
195 229
186 238
179 245
177 247
176 248
168 254
161 258
157 259
147 261
137 263
34 68
516 1032
440 880
259 518
505 1010
331 662
178 356
507 1014
474 948
187 374
222 444
546 1092
525 1050
473 946
271 542
430 860
378 756
574 1148
298 596
313 626
587 1174
91 182
162 324
37 74
156 312
168 336
256 512
575 1150
432 864
53 106
351 702
551 1102
142 284
125 250
167 334
431 862
508 1016
192 384
8 16
538 1076
458 916
288 576
154 308
184 368
546 1092
510 1020
410 820
159 318
222 444
589 1178
423 846
347 694
507 1014
431 862
214 428
369 738
301 602
192 384
163 326
456 912
11 22
360 720
25 50
138 276
549 1098
484 968
596 1192
442 884
3 6
351 702
92 184
237 474
375 750
221 442
397 794
22 44
349 698
400 800
469 938
485 970
482 964
535 1070
54 108
200 400
19 38
339 678
301 602
189 378
128 256
468 936
129 258
494 988
49 98
284 568
408 816
22 44
511 1022
18 36
14 28
515 1030
