100 100 15
134 263
124 261
115 258
108 255
100 251
98 250
93 247
83 241
73 235
68 232
60 227
57 225
53 222
46 216
38 208
37 207
28 197
21 189
15 182
11 177
8 173
5 164
3 155
1 145
1 140
1 139
1 132
1 122
2 115
4 105
6 95
8 87
10 79
12 73
15 65
17 60
18 58
23 50
27 44
30 40
34 35
43 26
45 24
46 23
53 16
61 10
68 6
72 5
82 3
92 1
95 1
105 3
114 6
121 9
129 13
131 14
141 20
151 26
156 29
161 32
169 37
172 39
176 42
183 48
184 49
192 57
201 67
208 75
214 82
218 87
221 91
224 100
226 109
228 119
228 126
228 127
228 137
228 142
227 149
225 159
223 169
221 177
219 185
217 191
214 199
212 204
211 206
206 214
202 220
199 224
195 229
186 238
179 245
177 247
176 248
168 254
161 258
157 259
147 261
137 263
1234 2468
516 1032
1040 2080
859 1718
1105 2210
931 1862
1378 2756
507 1014
1074 2148
787 1574
1422 2844
1746 3492
1725 3450
1073 2146
871 1742
430 860
1578 3156
1174 2348
1498 2996
313 626
587 1174
691 1382
162 324
637 1274
756 1512
1368 2736
256 512
1175 2350
432 864
1253 2506
351 702
1151 2302
742 1484
125 250
1367 2734
1631 3262
508 1016
1392 2784
8 16
538 1076
1058 2116
1488 2976
754 1508
1384 2768
546 1092
1710 3420
1610 3220
759 1518
822 1644
589 1178
1023 2046
1547 3094
507 1014
431 862
214 428
369 738
901 1802
192 384
763 1526
1656 3312
1211 2422
960 1920
625 1250
738 1476
1749 3498
1084 2168
596 1192
442 884
3 6
951 1902
1292 2584
237 474
375 750
221 442
997 1994
622 1244
349 698
1600 3200
1669 3338
1085 2170
1082 2164
1135 2270
54 108
200 400
1219 2438
939 1878
1501 3002
189 378
128 256
468 936
129 258
494 988
1249 2498
884 1768
1608 3216
622 1244
1711 3422
1218 2436
1214 2428
515 1030
