845899747
374011310
403522880
164746579
331725939
633120669
758736518
286516943
854501225
342571447
959206538
610517152
4983190
736717457
422860145
380753920
657600721
20839561
265277795
424467100
81051122
309459649
652409696
862057146
528226217
512227148
958214748
45503832
749542805
83988233
3608824
365346195
644281233
356101727
613758117
234186638
277693988
12096976
685316698
956105328
228753552
306898600
800308334
690855274
674178012
978617326
979930669
270014341
144787372
387471458
981756926
807730243
619176407
861412551
795435981
271582640
936801189
962627245
506933133
308368737
928218636
335354651
814025726
898967895
145188916
228652340
78087858
162688149
384914857
412077922
825897928
939993204
293302798
508278766
471399870
866868272
620701643
555993379
826785915
288258988
697583781
952112701
647973135
829451140
163669598
867422306
500780212
993841603
6521366
903401149
266516444
962962388
479134058
633742261
419001457
795018540
261356408
606280310
145191254
302755065
949197428
830523986
566015694
714600542
473713726
85332184
93602545
728261017
666986171
118652522
503713411
730783001
552475256
404493096
499542498
641913637
118874513
987084930
780957632
20761507
796221339
688653155
488651565
611360925
900305768
872896022
684696934
881938154
180107743
514959
461777689
966047217
549152585
40735853
538306495
319707163
19731297
495163022
20202592
367400604
308123959
768415545
761543160
804597519
248147056
790089497
843015860
628024798
245225609
987991070
220892415
879224691
742562118
868300104
734543030
155014194
11138013
617138736
58785646
474366507
178758731
726353824
637822821
109271572
510290038
899431006
711336202
697839627
52935424
724439072
703793019
578978546
843362448
41362463
700479567
444236883
500286893
356497557
286924432
761446180
793284430
266321298
74792603
85928436
891636902
809963139
571511409
797166123
742572072
146217801
276613878
242264785
563052240
299962345
974896839
865294012
514557308
134836751
687202688
428652024
607259311
500003324
397134902
248252768
73418715
709110958
29802473
684884178
264528675
104744997
331215796
97708290
916564116
338023555
88153149
377540815
844621211
26300045
656592611
262261002
275156173
996203103
650701775
877938778
838636145
389469879
31374059
290758533
603086539
303656077
308092710
390861661
573038722
618351457
320110876
682462814
792784219
709271766
135308471
780160194
370821649
372760156
394113492
887613228
33926988
459412850
993991541
483343508
628733119
671501094
84960600
634753210
469292018
232167684
285282922
887430454
849882677
380440324
742962372
74683027
103711013
687243763
708362629
114228548
460712702
233712538
611275143
466204124
930574410
123577758
120776621
254291699
47801669
858433606
894737343
920030335
917380483
393472711
263478584
376310097
10025745
355313691
778349413
674821649
913961431
56523373
83983110
920639223
116739095
991163981
152523939
258006420
990897787
986759424
322566992
169454043
403051004
632183310
832985461
783961968
332598576
233051310
311901292
834867795
159404188
314200969
699543909
285861524
203954737
209406464
314080576
891332004
407731157
90052902
656931715
313520828
711102393
797004687
707612428
901757034
90261821
583544157
119969386
133279039
511875463
475660347
118775588
865296727
923445824
407637062
430968892
374834699
981996621
35358463
777000768
205894000
628992081
757325551
876743025
428518494
767247650
974288031
486429579
989568634
650383889
363870700
356347682
313065562
695408008
972397479
350486445
82831311
810882648
259416735
266004312
646433382
138377928
678154824
130518076
60267400
969295638
794545137
924111274
748094006
965981787
517996841
247562230
954069762
707282227
819902834
737959429
715726225
388889163
506814069
57765032
481518791
558009974
873751093
95713975
102015887
960079476
870457353
805433765
802216609
116853952
921176222
749868396
92190330
273518035
925365252
939120651
827593377
319213268
873834384
854498673
474518038
678853526
82806943
386863775
827240821
490358400
34205059
940563629
84331261
100294676
672785810
45949659
621327448
701863031
174593549
110799607
739066233
981973843
637408098
169369515
408072203
803834596
235803890
102685998
381169016
477469012
682093142
850180308
619149640
90632519
405946716
834207088
201340351
437700330
228414661
888750799
658070106
763469668
51201833
434810257
525181170
514535278
551292707
359625981
650567122
410089128
97729518
1816408
664083746
519773964
256508284
103942143
154781258
560720252
495304440
983268139
51409346
991283149
882867371
105944988
521751949
868279063
979975729
529658897
697111041
485086394
9431164
986505896
922192872
108837530
24721463
460140433
7410086
287350757
353337797
219194941
995773698
426826275
645986065
893527453
639137165
752001955
132239260
131082892
169914722
555700618
90622575
438141291
746954921
224261146
454696179
331308516
175381429
604615921
166867550
624243169
360166350
382505434
109588445
312927536
941629987
430439020
424653729
801343762
593582845
269230124
847338678
690078578
621241075
232459877
258222721
954697237
780094603
616192994
812815235
296276450
826940116
138036528
765630508
479985702
597781582
454556402
241024451
727316790
891419958
792534042
925520493
260655746
925689470
387842904
569656360
379920564
110633124
718231078
410314306
767112606
220376379
619889965
873331622
24579740
426343167
868068732
762437263
634397545
597662279
208158926
23328386
611406342
942723922
885765378
953292419
188962345
181655043
43461350
725018285
692498440
615037006
825638455
940706722
312038730
597790593
145677359
542026976
723391204
619969909
950289004
544880492
613554006
551545150
212226507
398954806
340508315
965318556
961373453
408112411
926850110
820743677
607695413
884845014
698478041
201537255
424929142
348453416
961101704
756962027
471688759
268571235
735400869
570290376
117739670
853559090
508698692
223565179
994714791
610684839
142102236
891452758
319420558
273292856
708086546
625246354
618112175
829393360
490185517
632364834
601644478
86365163
571218320
864195696
680132967
755325510
231401449
39554277
345268174
515860884
99170692
953828121
992376419
283464405
398165523
490693991
278518127
383235096
376961115
596805778
392112125
729714498
91117439
675301479
359690259
382930802
869689123
43977060
466878402
548521201
407475920
779032533
750440628
552665935
852763089
312775607
678648438
341858173
830640230
329344467
667073070
351314418
15989271
330299689
791712012
27572330
692998989
954588705
925461359
530591478
659856461
56852854
137831989
813153862
594770213
353873574
713029004
831777997
474192967
311010331
215960564
974567685
687254124
431376261
951533716
970080761
755225680
763931673
274233199
78218767
897648802
823642327
734754137
124168209
712772308
862560662
481950991
517614019
46793807
516150708
546993064
575113767
810270094
850522461
184942128
863972371
274506717
114731517
823481734
517719872
25833352
359672806
272438342
762418981
728332709
979575703
560300268
345661173
710365873
297535009
25608388
757887636
967637208
709424772
319640456
87012672
608015385
522889180
919249825
979962470
137369535
941420841
399945320
664208507
307462901
117214907
653412812
783504467
11406849
918899174
971506743
455475895
819835491
14273557
927317770
718485300
868667490
376726028
905199919
976184764
874498765
182822631
642803342
592997356
392735492
608072010
950378561
117092172
125067424
402857520
819263679
446870975
753178866
628761628
271960489
630282222
588568132
766246992
647369393
731475175
367799849
495462294
765125176
993516793
299757297
173932454
252128915
488031242
636609776
725524995
681564817
484319997
425317317
772753161
867173279
753897474
60331886
952066425
505886331
494341894
113527613
320362669
309488092
812779618
422538116
676434812
107245319
846640853
913363543
642170172
344967775
256734859
618624280
897592682
847249547
563878994
161338867
635338329
830808129
403462505
945370951
456124675
919948815
58904920
444696055
849007390
982616214
553253507
716055912
329835787
958036146
428570036
718280206
491269119
78141461
604138935
377521598
390293190
80051910
385536755
949062770
690289806
418203614
130047436
559412321
538912087
802398319
355339461
151573234
984901032
955367443
737368158
31486915
583430445
795047400
386337278
611560605
655418236
122083773
372218901
446144054
677441423
870215143
397690076
83810824
624535827
518084070
358281003
771788818
614160695
924885956
469166166
522194303
871185042
237745332
752831485
205909971
491048616
493404907
585305992
701820284
217856803
909401005
544410539
908198299
73436611
148157674
216540333
353989655
434694002
369023084
205638079
889923863
121984061
167285307
678035309
3964851
998200753
658686945
97689757
308579704
512376800
465274578
221338300
837243188
701712638
809478697
874742460
963784875
478396929
513817953
7509869
628254959
195007464
301457388
469067029
827140968
891369842
849912966
731401238
727801865
116680427
134906680
522553922
771321902
436380736
623737110
96101254
722941702
94098136
812844892
554918664
497153920
828927233
203129714
745357196
20549687
948519035
300199169
509855276
842350123
466999766
424403929
946816901
618321797
343316774
187770984
311103836
201958702
76221245
706729316
377989018
482452885
154064074
810752744
659709514
437855656
575601845
680246238
998471713
736278614
125091616
713682030
550795110
783273674
94356766
69450797
234466445
750849468
823574210
36779364
428034249
757886625
382906459
230725217
148709169
321211202
955002604
524850000
652408004
582577663
880645622
864620606
137823080
70749140
621001108
661156832
370588321
676431497
840453640
402327885
869475719
668397539
379313111
150405367
646262769
336453191
383616551
63717098
82757928
513981439
847582503
388850926
781910269
213262729
303260563
486430050
527453765
244046850
262108266
898438413
244136811
493862281
996225313
961098548
222699967
985832186
364739473
979236063
921440723
67199466
260925508
918713966
13080728
349581766
552771921
209714398
382065385
0
30
