1000
981337291620821 3542174011674
429532320200725 201900898642677
914400760414563 256249751865170
56515638692533 409157588391324
710129439673496 236197858457597
236677668559045 196065646546864
429917911975635 649056139816858
103545708585339 16719734472647
48862410676088 667599270951604
354533692451858 102288734151595
158088123193236 833343978852878
795125876391498 780756819640202
619176471995314 919064268596581
575957914644302 300357095383633
769405488907085 983182595732915
953196297231826 585801637890069
648123088946776 794432863913172
750859928692847 899550084521949
883218934338425 65498679091787
289375055747474 811558977051811
491175469537625 392368813521337
159732585920283 386990783413958
642139144105459 116072992415533
312018279705072 225352999502092
269252816792072 276773280211631
230486886608476 557023942595193
223199000720500 420011629417367
782759693031062 363068154563400
590152702374464 969029544491156
762144449601801 679023363122113
354156852276176 627582180268735
124931983583790 940293778277893
186700468314537 356240116213420
707371995835198 844870453514712
849768253107686 71106050764214
124411539658151 534424106447976
817574318636541 778428955455808
173455551456339 297983934557696
194491244468206 507769108325856
406460144854151 341566878684752
979109370221719 10345820608051
925054773802526 931031787741060
62040927407480 721330398177405
378256761669175 528977706838787
759208155564511 775551996027704
392822126096707 774257683365459
941044615764468 906734451133258
672030101164054 940665373787305
260089897328276 651604557538431
748170038870756 273944975685812
526716754137404 624624431084408
565011451100693 100804596112292
774988225346237 570862738814500
891832945594385 755121574524206
569089784223913 180378027010174
538118353216016 206243076869482
13997165545472 611311771931989
68442829944298 200337020951358
194513694093112 814110377533078
292540867603759 711705749599551
419230416042260 549321017005033
255649908334552 143934480544552
594259614927245 379841150558526
73316906092746 558549363911743
71890712092814 477440126311340
683083176169371 49472551247260
502736451814813 265083013196830
92479475037803 176790132464310
573334528855229 450734250457250
658514738739124 281687274972436
546944383780718 13115467033820
561594225571063 335538506735872
369491259497133 87797904829436
804737352922003 558132303669528
314834957469128 416730549283835
113983504791184 546985321327536
261574401570126 830284043448289
220349300527130 800826639199809
87481316563781 15515971921855
13570082403382 910519330055615
478012536833385 63594627823912
449569263573841 904200972137002
72903246100340 799681798774090
542415348393172 188186357150031
972345542143305 352042035496738
758402716759587 273965804623082
966810780930174 436899998327201
640534107719013 991403202974612
659720283363609 715275959436232
304685760032506 501656913204609
568375893185557 878459477120111
275966829820866 542744136766216
27058805221100 754986639763052
47652699475852 259306553044596
318429925963772 622807488963772
43628027238260 705473823459373
983187947865354 440596707796213
668192007176677 979446434126447
871557625687358 975317992197856
552514890740890 395832532505096
726827726355472 365035217942675
493751041782728 416909198945188
320548322359067 399110294137124
967904657492141 695481362972441
467278618328388 866929458479544
706296984477313 999997376124192
332242801593091 39356343317692
493377497286117 464331388295969
213971193315127 308669369568655
81667227482810 833882627972801
79270386583952 708330174824545
965540184930612 626228647174130
167854901273478 882268853892510
967492848516559 79967493656004
171563170950843 184493342443629
182473710537026 513111184586387
106150187235136 418146564078454
861334252830035 217993962300364
112985259385370 301759108618527
644119395017637 139300950348227
363088431798969 314087179782447
531799179481628 944300650520920
141337360669041 996268311377268
405579721444689 34237547670314
331155755151400 327512616105609
646355874152660 447076220007516
99791713271424 465825428110905
618765654771338 183844254837069
254657180440410 312433219402185
519944958314861 117781855578698
13491008111844 613056535414158
623427515435972 558763783460548
727639192573781 775036423792996
373725548324767 447315625392917
598908970167097 531407795013697
146228429703496 199526564025092
527165057082376 815305115290134
396656798574572 336355479605328
47137137824797 457179533983491
910685523232404 253108921588682
530180714750737 326297060177424
878218986922732 691402949800141
735311686258 694800434544614
252042219793050 861828776662106
348229352349621 454280437496852
924204582916815 469013382739055
54027357250112 269867371742922
570099379390775 917017021417146
179080488970175 632149502441207
330908339777006 534423138015439
174324194795728 106566243109911
65490993998749 519553116592650
959514779303648 158604349788912
78448896320128 483022080702616
495753219603152 411166411697553
589840875938291 794097985843277
199458512449812 826218693317723
377760938266374 803953074042719
217826401633757 292430972779326
192895909536741 697037741980873
99797068589925 664088901317745
425202394650390 938681068737187
213975564627048 614771358471659
305991911289981 886721525569547
463075682856314 663780421190800
701545195444622 706901179313235
378250664902499 830652137935074
439277239205080 351518261020171
325274542038369 345281270445599
790679142098819 985409828587099
261770817358068 436436439999044
323029956502140 387194724999936
664061329680050 940923833093235
518706493940605 912939119943592
961138737111125 96066878506533
899242135535154 567451281851751
405137019700906 288970891907081
824655889220678 828431866266133
502525052777128 968168860355241
588024124350117 925644368733463
34299729286454 931671404283285
828370491877965 77924379810704
902181207233989 817886203045837
563518968196579 339919445471113
612051609807033 478449427342007
217250483000819 523134205606455
885729025001763 859314265152956
474627649057414 353799601122590
965501965874266 375910879215725
758042527373294 897363259353416
941805942472112 89608075116969
414570667392583 787960323694622
372395135611073 463327628743677
201252042385312 937386447097677
105723750568721 188699509446793
895636623781850 403256055614800
455931113715800 968994767504089
233000046373304 188176800824823
209570634480948 308091897254649
21289674174671 964743004201593
990422969726443 611295721105474
42493465035943 906621372206667
659362305582229 356527465487692
265780989963385 730116944148641
538948308449367 249667317380373
507416603830169 888699061504372
343589991887530 969091685408837
920806324932483 386527621072135
989868467779889 730867451994870
860484935509205 808537998677389
360770703595539 388825595583959
924848985267571 976229089945947
446019544093167 863708793763798
291701523272058 984402811362898
577161959251381 628136473929626
201308611510611 723174856487587
326469009791463 851500009846874
33473703036632 20782759004196
139085045301438 648761392898933
156511892061296 155692322026488
478847887911742 183928581818341
399769968798998 33806219051225
435807462565068 474895917266945
304569933206802 456256298590370
594057800073275 445951738555827
595757462185697 335759629837819
190322277276623 426737535796686
923490930710079 263347178104476
915808251258258 800853522513459
243570298328245 606489573236081
438547152381821 944459127676831
907417261998099 688135453715335
336434879928634 442988137793374
914801114959631 981014274729913
77248215496392 765934839218971
304158945994571 31041110052481
104520922470453 163508562534275
294517519354814 341450554304105
479344624013923 790161182453704
604533376582 202216373211842
926361106084999 897192753160090
737933851248504 260265038409329
599938263545047 129898490596164
369463467563840 752027552016638
620795230955127 136057183445085
313497395545459 962356847175021
763415272246476 493585478183498
544791943442562 729022364152464
968969507624747 940278415796380
818401570331002 836062703262944
854706477058199 264379613768306
754861792248294 12133759784778
559904278076398 604949198641807
939678106107499 980225265793333
633807795541296 95074181717574
797571445629065 277715933735609
764291088311038 787423737255508
360480374090336 942972915387080
903427059506005 753334073415373
537739120068775 33943727474070
227636054074812 599003922023924
520184839512096 498370683760475
367017209438885 960551224294143
731522983960181 245111180933856
398204077914379 20449301265898
656019211224166 973867008185952
484756318420457 531714547612917
806648339929922 748095539407650
832516493910702 829561699411234
240308074377276 134650671249435
921379396133403 399877084108302
961430051313872 776675302621698
991504755843616 118316433749316
74530540636315 520949662926400
819382376052943 895759575190801
246285630850493 288278255211788
304938296125767 59460160957239
759753910406824 780532652059746
603292152878699 961994536890705
139379573822300 924352038453524
849776016012092 92389869345792
762810764395001 797572840833624
607946313164146 836184854171350
651169103234970 247011346420633
556284636618253 815328900024929
814561764712992 625132851305846
404234433476913 982573974300612
639778800321048 988477762093575
891534907825965 41822370722089
636147586580549 550518237797356
846707052708584 412305268887780
825147773963938 767958685465440
279767547814731 325429807864162
807114430282882 826166950215156
851669472495004 68942296187454
657607360138893 922945659501830
80228112589386 203487940185821
118146961875373 960465303947331
454690842563977 90691168268052
346068760755618 975246157271255
755919011835955 348128766322262
879197474562318 88361731007078
610997638793727 164259937709660
156664508344551 817745119413827
365955200047502 953264025136573
403204530290663 76917174247374
600481474531110 451711267027352
26253901281620 514329114209715
669573812303014 287151073072698
664714594809936 593621954018396
160777829014850 544317232536280
159069061551640 554330663326040
325240129386040 323105848650464
735303442674964 900317310176140
567624922962318 224277722845439
720928571854737 317994307714151
915046290199224 253257391118824
294637609995071 169454691224916
918740661993723 86835054014120
703795273451844 602831837660855
776721403543316 385441060255129
639935839370307 789754481260639
265747945375303 743380009445553
66618466289678 691158326516236
666519697946551 189388786722252
105274487900727 44531597208437
386594826836810 415806446051906
400495513786907 61370220962824
572534820280974 631186481384788
46549076777669 361973992336544
748950444396303 926932389639906
166730466425447 425196812399072
190467431531744 422366322570514
601390074809034 947718067067462
226229863709346 20319719770783
324105367184768 431905440050666
528499074467911 737073992341213
798010161725679 515308318622741
204404133943499 676511089420056
2276142255075 832343614997839
658238218776738 802462770864088
349573150055142 875576340455805
741668496275108 830489389001282
977583853476545 276395623537712
953443453260648 23075797026321
426501320652423 612395793720402
608583674168603 629998905221762
332559502795871 117580667855295
658995028140592 564409735254122
298187421875122 898350617088667
335882135936513 419609206738552
619195832882439 761491487710152
337437591379378 638074473741507
636928678030333 336782642013065
167338148342908 170353741234708
371064490323418 804674797839834
835940993033575 352611416755485
809070608803881 487963758187374
607767332641938 400359157022441
545518218071180 427563449408005
574381074693256 588835144351349
944069188351962 84787397630363
520358183856134 239265985574191
171036545695616 235468060222951
413023169024330 141103806154239
153023083434681 308986945437594
478583099620176 301733006729442
185178319804722 221036552270360
422897524511149 598834439929405
49468908114568 420314472426971
252740254069637 775233486245996
17502814027280 744733763622891
912760448575829 280578611136715
456847704471380 826571800603479
612891084162791 959532121782910
485562261210911 185594091173329
618401368415520 217369068937809
782027646307299 865658366241331
611245571978036 772521977786988
279554396696816 687233219313821
31058603894846 258096229799504
185338384765387 737318685069875
840933835476447 538243590731977
505378331162948 862916880149959
136227210748581 419610973849097
31948915580995 267000035077614
554122190318297 899903871304889
184740899498670 339970857416203
182907771326140 331668956983931
310696115359233 794440917727543
79817874035037 792105472651483
684485335589015 336934755033347
363271447113400 738965255909825
669776066713415 666377995477616
673448301592583 371556416658919
781377807658109 15933422321055
937555359031371 646515455171517
730571593970887 713860850354729
87620306487025 23544523460803
788951821031844 592816040929985
431006579988689 861423055968085
965705438084144 638664623829557
408060195873003 439285511120618
35725592208396 467705155127454
430784457970850 535516145726113
869156408326477 285722797592458
69324891699148 356843354630084
983728172159506 324479406004681
909397395173126 143480544074488
341662363675360 456196995802986
106343486037319 253139988207921
978662438105820 743315322193319
149047326246441 570800800534756
842187889128720 916920872255410
107735637016761 83771066170953
537398752606714 134159559065003
222111784405294 263841551389747
59783123559886 627473985273815
929502626728431 936158833067109
229422262041302 631589238555718
272285048308306 24632173117554
686878929925526 339967290876987
529294549903257 200055653763352
459945531996819 141452595514000
925836888579940 559810889611213
439316414192221 93689192089668
381880420978858 904942956011797
23301605545650 303751696436348
366885378882179 724043311386723
897895765183761 162356153394790
115705662084895 807867337692730
324590165210686 885669508224369
982579372818314 177987488799441
946742550365408 418673678188081
301524706045883 253905079492872
488111973991584 934396685541231
513999495740016 222741086809914
350407301964910 153071443590184
689451617715483 355743583259966
538221859713833 892427686973689
870766964715 570658017283224
656075576757981 276234141190738
940909327411725 910389739619587
715756994353372 597998079405518
131187419829315 955637618596555
147776829289125 261687110972476
697608841210195 165247507575574
172823210845223 384592931196717
442076237901783 121307295140058
572547936659083 683713095204169
555643802238596 570441710698307
752870832596669 501159434169001
617139954059798 679634546832302
879483392597093 916124655481976
872733924649314 440883932471857
139047357606811 533230538432920
94707237276960 307234260425251
680040267644316 494696158102594
585050190453175 821064291603325
547554936549524 849940273216369
406981776278424 557570524215139
470896477853447 177536827811250
555065195271015 17148535737840
757877049080127 903197146126962
518896332872184 833823180388872
515358187310080 748600095527857
393650764841421 66290398553640
519851258127698 733861589740808
759789211914421 527279775893732
79106718781508 202277090011172
637216789116534 642261744575147
83786272531866 561661844649490
383851294994865 115600778532644
723997921078882 941562577904485
61828406415873 686817532535437
552046793452323 822494271561786
340070086489086 170480545391506
368572223772593 53344424355818
220146406375880 714864423697882
183005482502065 534576282052338
985988571030532 408010977638160
142341079869674 455594028286610
671405957129215 413812296053308
191049533355185 849270328560375
900057892715410 264275850243310
20471654578749 588400701989224
641185293786988 172509590119269
207752391775020 19012846493820
671244505368683 531686305171859
776595232190974 645716069264446
757650744537409 985437659997468
609814358061293 793797175381663
482419860250266 778504514748352
689672725352548 371468426040538
298131340165224 783014088136426
251063888331412 13601972390594
543030183890671 49875551550546
846545888665720 395589750626023
69101558744839 866876336224170
843694249438227 502769740194929
32725962359252 142987197129603
276136174454102 681219852075525
372415211942042 394130671688017
580240299970642 173748491714090
580981919381606 384838470295595
547176661820169 31724441250454
789416629285650 609173562499586
873253714208902 587188133636561
707194835282593 942357789408400
872587656709550 185563817063859
401791006824322 496442966665587
615390278054677 47244361008915
207792779289111 623900005483607
840474197450318 999210806898478
182186221949226 890960555716740
34307097221024 589378462983177
522299150280614 352796087464502
783272744132396 953871248253850
746015391020779 795056055492225
120505673299112 557775719028088
902346393029840 711231038921694
779244889082042 668119989373
632805640346682 644827749962643
369775217575763 350559387907609
393901315594290 600947042425930
869676377641013 676219383295499
5132505599215 977095290253597
255520573125149 81899776710740
658491451629667 528646406892042
131531511709500 713144729387775
420945350071173 59413034848077
220137542553131 996778655599054
427305175772594 105192343002554
466525561316858 226652747203845
880654605277262 225257243554941
366582191963318 608021569685846
414265113542913 776789409433139
665980355975652 624115349920688
475865468428226 505609418917950
407480232652897 938000719385673
728074770282530 759727959579641
138590656265669 980233528676610
504110316853022 469397717590139
826625070142030 209745577537770
528066688982319 100668381549450
790448550920270 908935896228986
36273113979446 590278028070395
230910667308738 906497605314728
199434955068484 467560899351805
966583549322653 985229723133977
281248345484156 655365800120461
160007725740644 662745171923223
165625789757586 510084604905124
430139855295450 536367785154798
461526814021589 224143593552036
596864983550251 279383916662137
796864616277483 762288695177078
822702389266547 548121456904257
516127431647265 525807870472630
382575912327746 992170569851414
579929741092717 818255467891634
863216098759638 790461990791508
423209489140615 645139244368448
459228355822402 130358131405342
985447402172972 647502135440563
954142522538273 226079951318667
27071847110079 774366109313989
254422436799245 271833181618900
210732276790930 472380624537022
758693475169060 712670713460241
905411344896263 515959009612634
596312543987719 562673095687541
852941245245194 703887015245008
33761968697114 905316867193194
995836360967067 784463147857112
74178505929479 712569825915167
146382831502896 672838583399424
389735636133356 400956548626428
57296532333152 601729252100922
191193696997579 549346300126360
688557004045013 165202430121981
183200281935042 97134361161413
64179551467156 743272718313218
937889543527239 51229837857587
268753992421115 617309679442632
423557143245121 581597607324631
563142784048663 762425897123334
347727059730366 112452995901109
565001217653764 386566181741695
976133573595160 241215420135712
679275329566432 806632180199493
68291680417856 329400393347996
895909864442536 309516874005535
592935151116582 428281681006472
388420765884166 224395988823581
502475480412202 400395034614101
242467555971971 443641342878962
584643331870998 572893679757892
983324326592050 195065107143195
865348875755007 702643252460971
785154998410264 394705173013647
531235605537214 848147509820537
327673857278371 283767342260102
351341496172390 211609755852280
785103018358444 126389606839937
968068859486458 633662864183222
20753864391501 630970190828955
981154469558149 647359332860401
973734567496974 458379042623705
493012357634709 52587542196110
321019063891942 964817125215746
334496686458860 266165317241395
459636830056162 489346055046744
719803503386999 693080448233221
893681608392669 940637385569806
285625080092644 641145545919230
258024369528445 392290818364347
34014286211367 885704514688327
95214817628762 27391762683990
654909518712640 863292781517020
314073001747259 856233610923515
103608753534272 402392723169652
187344123347358 186110159973502
558992119877502 46308276158065
554739144692560 882032641697546
511436305339763 257768353619329
932240368902039 350342052184593
206676046485598 15679956479223
194234668005918 496570271203401
49186476816368 923099076174970
869958395820348 337458653860621
564423792298097 245964857620147
450324874797992 335879513118774
523699948411404 882393875718373
506766833298316 671051202668664
74333906828768 862157220724609
186605724291168 880393568986971
885651484041604 100283799011804
540662879050954 498539820688248
135488808019557 538231180951801
500465322850277 861556435567397
781737985937124 108064438832018
290667811800830 315929271631448
779828373260663 947551866076378
164774982024609 830187296399909
259403372933127 434001638636003
682190825928935 219132348461577
991025562761091 717470594410838
945453648612399 829633434517847
636958913876099 329678026397057
30797234946289 606607869434972
451656935608752 405022850982973
10068315798889 294823676407413
479658520439392 697496790972991
975344052012465 293508405445265
987972093976393 85819350641818
217967027574880 974596802266761
481113803733720 96534239740001
263863699304416 950497644627503
885264989910513 645934125158624
904707920638155 792765992181961
297541966866346 174176785186415
720873495201614 867216631392909
106625188228325 270234476990989
496454059902230 179520304737829
177069253145757 803458327444405
293173931297600 784412437620235
423455892810829 701733224658058
999065362085437 340491252267072
612725145219160 883477067926336
296336948180909 670407374822971
17709106482418 41535924824532
127417848907995 119689880277492
125069624297084 373378904760819
991083604922251 224643474543340
216103197867751 56680588826862
734855341169862 511775888904969
225819303675868 309142272033986
773905506407444 239097813394457
548154643895107 933738777015052
443634685617636 294039019985300
290558437626535 300927290637850
453174559835011 10158817926665
765929036994681 198423595300747
777990672975907 476325862294107
733413438777564 525966228508550
78997206313496 612915130686964
987644645441929 302724343011704
914064137606653 313958771135435
892142285483665 800246190394069
454438399566569 642553453278331
191225987686354 349110664982687
179139678008984 287012504893426
924884086733332 419872061971554
519989640624916 945014715867526
893422672972627 252888747287560
158477552037383 640072531036658
809696725420470 337879253192361
878686874975650 112463559288830
449372900273960 667094816032104
228957616868244 541061400102194
395049199551696 785686141872595
621681652472807 736648256404607
978433474168404 950554281248903
184347667339352 129477729046769
658904383973182 572161090358954
75752833934012 921487841706579
88145739239235 153634017523617
170653123888402 784924484837502
283592024923748 480736868649412
301307189482919 48341148066178
834885273970376 358598555177043
903501666729089 327256759197996
269412691591388 413978882263197
212005644428925 184268537378169
552010379449000 617252592291989
660563265235435 602345251905946
972785556355937 791373685392024
928428243349919 181798702198016
838610262773281 96525883758469
342450819243669 932481125428831
637179917641862 271008461488902
995906156790250 463318518351040
421142698993047 584561612188746
796729760384614 967803824740302
583968409778496 671571207803597
912876063686270 589691743060804
393767167376671 121559253702463
423977547420536 662063070067491
400498239339671 224324599745278
330291100776102 572281930109713
82195801351442 461100761738172
657727684037949 962418156121405
816047389318638 382053744685402
801342994022358 794389204592904
285921964822373 559289145759910
283970410038754 85036402433753
96366317736432 708834043248888
310987840371091 492070643410128
751938940785506 586086481103387
324020709463059 279323716380442
496475573761888 182968829431402
947100226456848 120891874407464
207288064931767 256901128650576
843475806347413 803690269573137
965280105875453 680476820241176
793638138696976 669447293001779
67663586635889 269223129434382
432001556554148 845731820009091
523903732009115 854256695840824
320035961109598 331985000002078
283288440672556 646547793719724
930821512253332 380585796232260
962758081147588 486351136987423
547591652736834 929936444551235
39295349318558 320918960600118
375667417540983 713751313833540
509328707694500 684554533144507
171115430179545 984653987553301
919405086927684 895149690484165
395417122210684 374289215050342
650779675801955 56516141039121
330420354639062 127605993039959
813571009832866 154989887475124
929155159377731 402789002052393
750730783595121 209793253712615
417860345988282 690231657238861
453605725312187 815453029837523
175098407051545 835161196105332
364364169537725 338228836520735
192105052895958 692459078391300
542320780941312 508893915231119
344151164915629 537922952615465
313001582641562 644687012542310
570124445334538 696090506770000
234283737599939 500716163393785
329253221686875 863221225245525
541529826804719 330344485754024
295243741583848 53290367557946
498211380268642 623024182939946
787844477717376 565205491435563
536622192140384 459673281696620
544809026275393 758439953345836
295272617781982 130417478879453
909008606399887 260085801046094
823047616148133 498152738033728
927208981106591 583821172964979
741588386121282 581762331687950
995751341717229 258244216905433
670839752229831 953099596460981
187660712197120 622704687604746
284672944191236 735420167188500
688703440961815 958197261440527
899913532679509 258005560066119
949733527934920 880506020385523
362649366580821 848717923119049
923215600325431 204751519800461
824877491142885 123687851156227
497351663808802 809453105931200
441457275597810 603665008848055
168342386578483 955893346281667
960154840115476 523341578268282
683686637119425 915194002202339
180095375855723 32693414771542
870871917862219 325331621444253
337238621186083 22264889989907
823370861618347 244575890735465
4556561748645 22951998999971
38064167612644 869118012809310
820707396853613 222088948390609
110286614859842 492670460542274
901192728430685 707674539508812
390771955110009 95772905554903
796005058681991 190561859031519
263739511561659 826150922836428
597358074478949 69156019377975
455911412342227 261602247560255
644713048393323 408973840909420
934953571672258 359361079097176
740989749377604 236171944136390
414023352171147 173751705912151
763962070364548 771349048989761
113430739839099 923958652977054
760582318791033 288151479278631
559347554799207 807094112941194
347422200434549 587021264186237
431691680430754 746487364917588
641381107113590 618422559424417
628581436390068 207375440490512
98430400632875 48206086421366
890203886434907 550606657563268
907219834622438 181259361487646
16470713937679 612572710450461
832380278536348 274236126670521
773941610627948 750734961387554
317357930803237 98690322250465
103276503984825 280425444300559
598769677349696 727545322734472
242736692989334 453739194138989
58852687492277 244487062257607
251313027796017 753200035897926
370635319956859 975730558007305
362134784317705 187862793550534
37567758043116 567374652666885
906598303670422 656530591774088
490411052817815 308320969933166
604172612642586 197083698547367
339003437535077 738348701564816
612609958641487 301970769404001
146945897771730 755787501890990
632129992030354 816532247467271
858166556466713 124523584713506
545688569713694 898093838897794
793095383703991 83224645983455
910417543255753 60291148997789
35858530464241 153716871250370
232131158377985 945695340316167
361352113289866 516116588496045
273094135389223 663177707910040
344521028805310 523984402249964
882741336690529 240286498695310
942470327623515 387084141869543
231780486950129 416288276798544
873978286654128 230086931648544
653651638960178 113147498922370
505226111912410 8483710086614
589880363573217 537541936898110
459367005587494 452571988638072
797584005424277 331924487800989
330346909656944 906923776539154
480363345666311 143747986633537
207194479031410 402395795188837
863596615375237 875849870241630
772770526753812 89087692425565
869974423453344 925013280446097
316121261179586 299408621575754
384421034062348 167741172263749
664321164175722 590874765454811
711852132301751 440966565031461
736416520627322 93872154453196
986868799555695 596799008514396
482014455279964 436271789248630
940483770455122 623275025610431
52849763907342 370306003271273
867998329175022 466016019333781
926689401982723 304962853449670
419474534617482 871565423262433
217254923925619 69885763859457
877102172763093 277742474919267
980536766021653 339068652000554
389278758991071 177621273144185
199006749925615 879397173384453
399956024562574 913301850096179
716285550118920 279166385958217
906140987346914 605630565109651
744130384676821 641499059882293
656184821438704 608310183223512
947235224097903 871719401581929
537683510575592 92621931115833
225228948882115 117674764730290
631409574863318 579789250246880
877206611080157 111418354942829
637646295682640 534704507440146
706546821633682 630972383023564
723406099864540 313430508177540
814622399211683 321136879663511
548467862130382 88994022804832
699757340408076 712859062101983
551631269940981 620806758089917
465581226198757 154128049800847
763255605697319 112967347465048
492999269787621 146513495531833
611181146992582 201030413710346
959071191113641 92088881119986
563884954410095 281233716772869
701733264072034 222770207830106
600720516352161 624144985386791
889781504081214 797492409656505
781087165040724 122837389625885
282358337867060 804473377092599
43272166511889 633324603676001
155629934433697 823861835997998
220475813849251 983155036178313
413167756774165 117518329770586
677463207668984 708153160901433
833920070440756 220279674045081
730084752807938 517054668050366
554408371697674 533943573275181
641011261074356 914003320963539
206658939391968 516153936868195
156940134860850 291290696482438
647178934891212 211959309985530
464453914022494 205866279438840
739735319089699 855323790297367
397221867411781 424203585441624
693906503490695 863290202447463
439394760796434 759517810329998
829135958017337 701151598653810
402943865468890 870163409641647
29212319129813 688742220565096
316214615642585 419999067872450
634733878616303 153731004370463
961685036613291 611549130361728
850063321140987 618468154925932
880091706477087 249491207254268
281623005161961 323264755113152
571046098784868 362650668731495
589534604477717 721883501323882
259978666945325 589660152593128
45168572590339 554633584297549
949288891999869 976422426952414
582964617821106 88808147594626
914823412454210 800244986533158
916905305981161 194992713375467
630919479013202 716168672937604
923013549048352 754166448835410
893916316069911 705670054263143
401199331004224 259917922992326
368426776088959 463819861273394
773177797143020 728424995853055
518890508941103 884445479729750
966159149160968 551703922461539
265040425469073 445498004372926
19906342272722 312988760863740
857470479765320 480870692227073
906921303944468 237121178997826
605094257871976 540716751588289
881530046879781 66271117128575
111791154956002 464173073516394
972097360316180 302992077515329
597733311472817 53152758043220
262131812741389 159423309828713
698781906645936 6235248500443
695064189887278 195030715752277
258276892897935 678428355290600
318870787394004 854206920727046
637358639630138 136575391691166
648238562833466 474554783472113
502034828739548 491574673276011
521814353130130 197750506599739
605271410288956 140278895494915
75301032855345 914473473063934
385040798683500 787364290659441
279543871126348 448552953555955
273930630758372 840337935831250
338673092098414 796104213122310
156586128398085 918853987447344
566635719759939 526957739044822
948553394371455 100203727965670
630509391011119 671413925592173
235542174608329 347420626029016
414328852766547 745967981619608
0 1121312
0 21311
1 989564
1 6453432
213123 0
4234234 1
0 0
1 0
