98836440090681
11518448763669
11635752614713
10569224505811
1193939835382
269103841693
1501720669808
8576889239
500699608282
120462679772
214085999862
208377971
615017483518
341858675541
152674870594
5133372131
642300633467
418642673067
399891943285
382196628524
5284987533
566050099523
2326644084
123129183899
269284117946
2153311535
75230043642
69474464095
34093217935
79653058240
4076214831
54117297127
154352840406
65721743536
6115818875
5475091
3067501642
586946392
29048343003
30548528
41815977588
48231508688
2312649102
1761911061
2913913545
825672826
22620462476
4219078504
27801770799
3118107680
