50
104088 99200 24385405
46186 32723 28072504
49769 44094 62182570
48574 44142 42358150
13645 2435 66218076
12548 7580 39032722
22891 15265 37468851
3085 869 37971690
18055 17503 84928203
9896 6551 751446
7895 1492 29086967
838 205 8916741
19079 18063 38301881
13875 9035 21332009
11927 11099 98282797
2545 665 83336650
17604 12683 88444489
8605 1104 64369613
13830 7605 51845529
14468 9596 66768746
2746 891 76058186
13412 4724 35343742
2850 2299 50479009
2009 11 63079342
10574 3812 14233220
2797 2330 5616005
7256 3111 79262234
8494 6159 79299026
5842 2853 6672827
8646 5853 7482988
3370 2644 96333455
8237 6691 50126118
7633 1836 96933496
5933 1566 51454644
2896 976 3531212
199 24 24414281
2519 1069 53136567
956 121 79683420
6476 5239 89510025
419 83 20061076
4402 749 24604532
4354 619 79710855
1478 171 99329784
2292 1327 69246693
3140 2858 68343104
2074 1774 89868802
4939 2223 22193429
3128 1839 1244974
4115 856 91393052
3165 2695 2032675
