2660455163308294643
342513873663995254
183585717035041075
134930058881363874
111968750838768550
10313520809014466
84824695533961081
64515699197602087
58517646277910432
53099141872035920
48714754015130534
43659552917113589
39640327734614848
38618225765003422
34558647981708896
10162383044598062
30904958248472107
29171867017001795
27212382019982300
26606964566463180
25101811009713749
24067202037514977
23374810868926094
21703636471234290
21349680760847216
10464161886304688
19585973047649265
18856141936758876
17651453285953004
17508553515543091
17108030195818514
16592883444480047
16100457698298718
15221554656659501
14998971017016877
10319629584878222
14137543589008663
13485673071641777
13573365824012008
13187282346109239
12722845444044105
12546900333232093
12257871021982314
11910776529278067
11494672728341199
10328211007098985
10907154896720891
10895058017724507
10719130626285657
10414046004182664
