50
499479 1949 33728172
498928 15074 30054994
499450 28256 12120855
498232 38052 40132996
499652 46374 70063324
498534 497971 58484989
499829 61122 20332549
498206 79431 86255527
497821 87364 21009795
499764 97821 7484044
497962 105090 51000031
499692 118623 46597049
498656 129560 50283257
498816 133438 2680903
498993 149589 78285280
498040 500000 98646821
500000 168263 85810951
498129 175795 95701336
498635 188553 97724612
497887 192443 74505772
497971 203841 8813591
497898 212176 23157595
498921 220058 23687663
499520 238674 62285445
499526 241859 60987618
500000 497750 31870786
500000 265384 87133194
500000 275277 61638959
497770 289118 85542673
498350 293342 5360929
498728 301091 29868711
499492 312253 26344120
499503 321660 35999249
499513 339695 54505297
499763 346124 89219310
499702 499973 84552831
499328 363561 24325759
498398 378482 27974609
499027 380215 1569928
499389 392232 42105612
498108 401812 51276472
499434 410304 52475802
499662 422917 7001122
499381 432765 5356192
497890 444014 86262438
500000 500000 43232244
498351 468021 79370470
498675 471351 53132658
498614 480493 84763965
498474 491776 23319991
