441476319
440325576
442357512
440126018
441616020
441566572
440249479
442253949
440275741
441613743
441321079
440298720
442239244
440268289
441438347
441425699
440408139
442215359
440133219
441729317
441442792
440231799
442375282
440185010
441667666
441272559
440407534
442293603
440043624
441685650
441383116
440232272
442327666
440125260
441673545
441399918
440203445
442517571
440055966
441660170
441460371
440298949
442319411
440078709
441700996
441418859
440118819
442338667
440274638
