188555615
197072846
225641299
227934641
200461308
187672564
210321839
231261716
217499847
190072353
194672913
223336051
228966743
203873931
186972281
206700082
231081631
220279023
191149766
192795330
220410897
230803828
206213118
186138713
204474666
230302438
221802455
193502151
190788702
218323581
231021203
208576169
187180362
201785194
228375946
224354167
195824614
189482481
215363514
231144239
212329355
187444546
199125267
227183086
226620782
198032753
188161734
212670930
232202565
