100 50
41 17 34 0 19 24 28 8 12 14 5 45 31 27 11 41 45 42 27 36 41 4 2 3 42 32 21 16 18 45 47 26 21 38 19 12 17 49 35 44 3 11 22 33 23 14 41 11 3 18 47 44 12 7 37 9 23 41 29 28 16 35 40 42 38 6 40 42 14 48 46 5 40 29 20 0 6 1 43 48 29 23 34 4 6 40 16 26 31 8 44 39 26 23 37 38 18 32 29 41
1 2
1 3
1 4
2 5
1 6
1 7
3 8
1 9
1 10
2 11
1 12
8 13
6 14
1 15
15 16
6 17
5 18
1 19
12 20
7 21
18 22
15 23
14 24
14 25
9 26
24 27
9 28
16 29
18 30
19 31
12 32
23 33
26 34
33 35
29 36
32 37
25 38
29 39
36 40
32 41
39 42
39 43
41 44
36 45
42 46
29 47
40 48
31 49
32 50
32 51
43 52
41 53
44 54
46 55
48 56
56 57
56 58
44 59
54 60
53 61
50 62
47 63
59 64
62 65
49 66
61 67
57 68
59 69
51 70
54 71
68 72
55 73
58 74
66 75
56 76
66 77
66 78
68 79
77 80
67 81
67 82
74 83
77 84
77 85
78 86
74 87
82 88
76 89
79 90
77 91
75 92
75 93
90 94
93 95
94 96
86 97
84 98
90 99
93 100
