506690776
54289688
806251920
867142762
168657220
757259993
376779768
685514278
360282918
555678198
279759601
615875869
149912889
532593327
639789032
374069047
414365502
647629817
390587336
533751216
832392720
877149367
136706918
338435079
879963346
733697053
26522520
670279393
845178424
657166346
131223913
439948605
460186420
690249885
894340466
791095177
768376547
764355166
286226303
615418826
664544653
942788591
307644179
677401626
816820064
463372144
802378878
399643198
625990515
261132733
619051869
500609259
712626548
227178199
899710098
566945139
440238760
660917559
517603175
21418475
213621806
114235431
70686939
389355917
759565588
241990303
775595606
142628998
599864088
670727734
619254991
44442961
270626434
403038727
97719757
57876020
309399658
617987111
853613667
524177576
125262455
935942402
792680131
974906477
997478777
487733499
643963928
751551951
940424969
312218095
821959088
3500239
6039968
547917940
462359310
296338054
242071896
122659913
51117372
611406091
256795563
869227953
868094688
999437187
223122028
99423615
287119383
981793922
358778480
257849654
53917500
943395932
648740434
413098578
335005048
589905425
136086270
253309158
568292042
473894520
966732362
931900938
763289177
155378048
953485713
319629184
837161019
947927027
888112999
302427731
823202025
6248008
1497418
469829549
497945096
162329119
281842021
694738200
767583942
435666276
739326808
168151372
542530910
217386881
370497060
707572706
569850207
341569928
359959743
825314153
982151312
172360500
155249588
350494908
638537160
242312037
996164657
725556069
638235987
672229710
885030371
252676724
831133527
559859572
431669134
579990412
906381679
837560298
414229206
963358365
498511360
207471727
12900316
275139674
549164283
720760518
391476012
693451828
757307383
911814884
993916342
855235931
715096952
178123366
158234928
447804323
329805281
764535946
367099150
271142413
400555817
382101865
665368798
889481028
12790798
214706325
472635643
428105190
385393372
477592375
33009008
914470084
236775003
902497073
861649057
455383410
708061910
639886787
822949057
911187268
660390874
617898784
426233819
756313407
772159936
727406243
912125025
373828160
603166976
985483779
123568048
327936022
92830392
832339771
371555292
636380217
341696140
248970170
456227824
609472804
783594367
395390079
275264914
692867248
970058978
168753709
521537291
318161044
992377195
476984433
225817247
669450399
158649242
365053179
462219567
775460621
528921010
600251781
548277215
247450031
802306212
609639793
335281072
555882167
346431626
150326954
960249469
863491100
69432964
961346216
854069790
604227490
822533436
469049700
686056765
321224951
692117672
331897825
371188123
716921896
64638176
286068934
984367702
972734529
429514751
289380163
630796860
159087697
567846765
733232032
431284361
230482246
705896851
35113711
516995616
683367679
647273217
922393043
639746277
41789861
654460105
239833998
71920097
244894374
825666576
371879114
637920861
471503409
32569486
977293838
179817813
79632939
844930541
835889376
868790371
135664814
228603558
395081946
293571421
753183244
717536410
317928662
861745331
76487603
787520922
291585501
675747555
389894134
573527125
444858185
633905931
710508100
41298553
192543675
191491936
60614878
870131860
453985420
453792935
375147352
881536820
849098607
996140666
275717413
113664663
716510598
714679113
620632659
649245669
696336007
776552305
944622574
77038098
314862348
887703803
692044362
577385609
417187043
963332185
49048711
17191857
189526119
202062194
525925138
380185994
430233828
248291227
140492102
646876338
140940177
515757623
39121200
547690933
374615719
475892673
151808781
460831451
517313271
988582681
229810249
958654645
203866226
311579627
361396279
282334483
711299559
620548721
351926066
542831320
17851629
675344610
985072088
799364592
677745148
118747768
416742986
257710990
966315209
880298235
85868101
706506462
597199418
525909239
200937791
667377318
559252263
32164942
544098008
314440738
391421147
693421701
4243337
513186700
524441925
373654200
604004146
897910547
691543801
765807109
376061928
454228245
181105253
592785537
780504621
433894231
295790153
325198311
193770674
704000929
572500029
710714038
372733908
547885757
654583677
41094550
577832172
8901534
969435861
973174944
220364799
367551282
930430942
953369419
420818215
732284541
829739383
206919749
564063133
340611150
888769598
665003677
89781225
286546608
880482180
469446805
959008543
504910512
922765494
688522766
223396655
545481985
410849754
145359454
878697231
868978457
961434049
427940245
371266813
969258131
835624634
828265292
982013675
624444312
716932008
929295928
343136589
309912177
220312538
142247985
591536985
473481407
890589194
427395072
550033418
256527920
453267885
908046101
165653474
776582341
24015712
311799155
977037530
853283310
374969107
154817590
70801745
703726126
851530360
754063552
662288109
435141326
724125671
20992058
57686675
93928166
649197608
547861655
910110588
694247376
