35300979
939305314
15230341
967538939
978808692
996088775
960918519
645466
978071603
976348777
12632081
947068681
31252577
941769408
15685395
969005302
975195805
5409568
944814898
22183829
949664309
5972212
982303980
974753437
7881219
961086351
1743524
980688151
966124071
15437622
933828785
34332828
934281580
20759596
967996481
985056128
3386970
959116618
11984632
964832036
987121546
993830121
954841572
15298353
948979803
7311231
979264413
972050246
19124466
