100 50
45 16 48 45 34 0 40 31 5 16 7 39 2 6 3 29 13 17 8 11 39 35 17 17 45 40 12 24 11 12 48 45 2 39 49 38 23 12 14 21 24 26 4 12 49 12 21 29 9 38 48 34 27 40 36 19 18 7 9 9 17 2 2 31 42 40 12 46 13 24 27 29 47 23 13 8 15 8 16 10 35 45 31 4 4 44 29 34 38 13 4 17 15 21 9 15 13 18 38 2
1 2
1 3
1 4
1 5
1 6
1 7
1 8
1 9
1 10
2 11
5 12
12 13
1 14
3 15
14 16
8 17
3 18
8 19
4 20
14 21
16 22
20 23
16 24
18 25
12 26
14 27
21 28
15 29
13 30
28 31
24 32
16 33
20 34
18 35
31 36
35 37
33 38
35 39
28 40
24 41
35 42
25 43
25 44
28 45
26 46
43 47
40 48
33 49
47 50
44 51
38 52
38 53
45 54
35 55
46 56
45 57
40 58
55 59
54 60
43 61
43 62
58 63
47 64
49 65
52 66
52 67
67 68
59 69
65 70
52 71
60 72
59 73
62 74
68 75
67 76
65 77
64 78
63 79
60 80
74 81
70 82
72 83
68 84
71 85
80 86
86 87
87 88
81 89
86 90
72 91
90 92
73 93
84 94
89 95
80 96
95 97
90 98
83 99
81 100
