391928342
391780618
391810476
392687850
391579117
393016409
391392259
392339524
391157900
391107392
391207688
390466277
391691231
390827584
392393856
391802626
392824910
392380188
392157702
392294963
390924123
391685708
389939895
390896422
389929144
390271130
390594658
389889939
391264831
390218728
391984000
391171348
392687793
392645356
393198722
393830298
392797372
393878105
391564822
392657104
390352109
390835167
389987900
389705562
390520800
389571325
391315399
390171555
391845042
