100 50
48 46 44 41 31 27 2 3 17 18 9 33 23 2 28 49 13 25 39 18 4 48 14 32 48 31 21 49 36 47 49 32 15 8 11 13 29 43 43 48 45 8 4 9 44 42 0 47 15 40 16 25 42 24 35 29 13 23 39 41 36 0 14 21 46 24 15 32 29 0 26 20 36 49 24 16 7 34 38 4 41 16 47 3 20 49 41 42 28 36 14 13 21 20 31 24 39 35 48 13
1 2
1 3
1 4
1 5
1 6
1 7
6 8
1 9
9 10
3 11
1 12
12 13
9 14
1 15
1 16
1 17
1 18
13 19
19 20
9 21
14 22
13 23
6 24
11 25
23 26
12 27
9 28
18 29
12 30
14 31
19 32
29 33
18 34
16 35
16 36
30 37
32 38
29 39
28 40
40 41
38 42
23 43
29 44
36 45
34 46
37 47
43 48
42 49
34 50
36 51
46 52
35 53
53 54
36 55
36 56
51 57
55 58
58 59
58 60
46 61
48 62
62 63
54 64
57 65
58 66
48 67
48 68
52 69
58 70
62 71
63 72
55 73
70 74
66 75
67 76
60 77
66 78
74 79
71 80
65 81
72 82
82 83
83 84
77 85
66 86
82 87
85 88
70 89
73 90
79 91
73 92
74 93
91 94
89 95
95 96
84 97
84 98
85 99
81 100
