335579353
335904735
336183415
335881236
335598392
335587049
335894978
336194538
335917150
335582017
335598836
335834824
336197543
335951795
335671744
335629766
335844508
336113605
335889977
335664356
335681093
335888526
336189884
335896996
335701102
335696140
335861842
336141611
335844973
335693243
335735022
335951136
336153596
335832062
335627189
335692935
335957769
336203679
335839200
335654166
335659597
335955817
336156843
335809394
335569746
335648015
335975909
336227843
335880203
