100 50
1 45 9 36 45 4 15 26 10 20 11 27 12 30 2 37 13 32 19 24 2 29 29 47 33 40 11 7 29 14 0 1 46 9 41 39 34 6 22 7 15 23 4 38 20 40 30 47 40 42 16 15 26 25 34 39 25 38 19 5 37 49 26 11 32 26 36 36 45 25 7 12 43 24 35 24 16 10 10 16 47 19 12 3 19 35 4 31 36 40 25 40 28 19 35 1 33 2 8 24
1 2
1 3
1 4
1 5
4 6
1 7
1 8
1 9
1 10
1 11
1 12
1 13
1 14
1 15
1 16
1 17
3 18
1 19
3 20
16 21
4 22
18 23
8 24
19 25
6 26
14 27
21 28
17 29
19 30
24 31
27 32
26 33
21 34
21 35
30 36
21 37
24 38
23 39
36 40
31 41
22 42
28 43
26 44
28 45
26 46
30 47
43 48
31 49
48 50
47 51
42 52
52 53
50 54
45 55
51 56
48 57
55 58
53 59
58 60
49 61
58 62
57 63
50 64
52 65
61 66
52 67
58 68
49 69
64 70
63 71
55 72
68 73
61 74
68 75
63 76
60 77
64 78
69 79
74 80
65 81
75 82
76 83
74 84
80 85
77 86
70 87
78 88
83 89
85 90
82 91
80 92
76 93
85 94
90 95
85 96
85 97
78 98
82 99
90 100
