516786049
525356049
506645950
510013392
526648451
513683910
504789018
523137691
520472719
503105709
516824616
525605374
506980672
510255875
526679292
513497444
504484370
522932371
520501368
503330449
517156473
525875155
506970943
509955585
526285081
513198509
504429622
523185180
520905167
503622679
517207632
525702819
506686190
509736375
526271809
513375978
504694329
523396500
520941959
503470273
516923845
525416239
506543887
509795730
526465098
513610610
504874953
523410744
520798708
