100 50
4 43 5 49 10 30 27 49 22 40 14 21 33 26 26 7 13 7 0 31 17 42 43 11 36 49 2 33 22 31 1 19 9 10 3 15 22 37 33 34 36 6 4 35 15 19 10 15 46 12 34 5 41 9 33 49 20 4 17 36 38 16 38 1 36 10 39 40 43 1 6 35 0 18 46 32 25 35 32 10 3 40 9 3 35 40 16 39 43 13 35 36 34 17 8 28 10 19 17 35
1 2
1 3
1 4
1 5
1 6
1 7
1 8
1 9
1 10
3 11
1 12
3 13
7 14
1 15
8 16
1 17
12 18
14 19
14 20
11 21
2 22
11 23
10 24
23 25
25 26
9 27
9 28
20 29
17 30
26 31
18 32
19 33
19 34
34 35
24 36
33 37
31 38
37 39
36 40
39 41
37 42
38 43
30 44
36 45
35 46
32 47
47 48
48 49
43 50
39 51
46 52
50 53
39 54
54 55
49 56
37 57
39 58
56 59
58 60
52 61
43 62
49 63
49 64
60 65
56 66
64 67
67 68
50 69
58 70
61 71
59 72
72 73
65 74
58 75
63 76
67 77
62 78
64 79
73 80
64 81
77 82
74 83
76 84
78 85
79 86
86 87
83 88
72 89
72 90
77 91
79 92
81 93
80 94
94 95
91 96
83 97
96 98
80 99
98 100
