527959202
575090443
754166608
373271704
168459825
624136773
559301127
682467774
160311291
334637824
609363883
38344984
280985349
61178061
619276236
847937811
203740
282364099
715304799
816781847
628098272
2367011
7613734
81022005
827644204
884037122
729666050
30152396
952139316
129741802
232705389
638826958
565204045
165818930
177551416
907947870
50907215
289192997
589327738
169206735
495796974
945941259
724192188
9507036
638198996
80241946
907956920
756967453
498666368
392475731
318596166
729998251
761365764
942781896
8650172
162586295
946340876
36397612
274874533
293694721
772226316
979955388
953025771
465952471
883312859
422972818
281373284
30817058
775853553
261416595
428895084
753280734
488407144
962181276
709526973
594626074
853178170
401586147
973146868
164838620
766575111
86856054
654844207
409778415
623765594
57773327
208019508
66917037
226136248
945212059
46040252
896106839
329575614
178985691
713786950
258874464
128361791
335079937
640210652
412681125
332879459
209886312
188104961
895510480
400916318
380503369
158048063
236313166
102073569
781541697
51813053
13995126
877870109
924199227
487692541
262138827
966061079
324338363
513937525
499215692
510292979
211299082
25167238
285894436
104916194
975405267
12480819
404459814
990896122
410293849
28199680
170786526
841841477
44054858
260959616
140471746
444230113
478264931
635091128
160755432
58796827
695407195
352981058
416939593
86529798
477368089
81039781
180254294
345874256
786846009
527570616
804221220
15438214
575228842
252751318
460848205
474401384
504106117
291099606
226113884
833449795
669568973
144281218
898598369
68095127
294311884
696561937
58552016
890313715
469558411
355569407
961832711
256999508
202628482
464936299
78672869
765309230
884544998
203914105
583539652
376403064
835459700
855955330
8722358
183279362
568770919
669492065
559846826
943956721
399527365
289686831
835352478
128752194
540320337
937881087
245830539
66492582
385996894
486847397
993048919
640712977
765961870
521546520
751503980
899763860
693020253
896700853
920082935
818186190
715725786
52340917
762150246
857637168
8487602
617310973
886386321
697972001
750596684
954129309
272878519
393269202
594558044
696925016
845544454
420644333
706899938
230075516
709957383
883664000
651300370
995504694
647605824
774695213
752403935
362664401
557445973
536078700
238615994
969081179
468161367
469427457
108090024
439954496
963672902
139338637
915840220
951959436
321392259
460425840
782822971
255609964
166024861
602733772
196030897
662735730
741842371
462383082
663014022
508379942
123009406
145840489
139076701
630842758
139310025
269009076
753788700
283624229
984450257
8934067
299523040
133903886
446676787
642355105
116956763
770620160
180092348
713894185
553525086
431718656
923200613
458963609
857486392
763140218
300326685
468438441
915376948
224502036
354865081
667597311
653683216
313552663
545134565
187974457
381485812
382366135
724419726
939106490
834520292
598096555
688510373
879194962
699506218
311701548
713104861
461410776
896581328
588751259
391279318
598978559
908266090
25238784
966689171
471599957
297600894
717096826
278634986
351318422
899611730
4970745
313646774
311089965
334484919
629096363
197312876
686148514
793394143
693734900
82116306
271991906
427916702
879536022
988317539
79511746
610030995
963762145
504607628
190395884
512658544
786246444
905688813
785912069
864532168
700146680
643468986
996255820
924353739
159746802
555337706
592524510
226105804
808698757
541226518
850150497
183860385
410063496
570018711
986338182
709788094
558724950
713418411
42875261
564102198
25818503
678223853
848254775
745400263
256590921
460238241
624182044
943285772
595804467
78920177
201233886
189846361
706720913
400508133
664350125
99880867
908659804
801666269
324520033
334616799
181752777
159118948
286574049
136806095
634761998
994374025
420417637
971212780
86766593
232133553
425856709
927469469
65203322
82647824
485295421
422883004
838158065
668070712
676023827
958628823
107964289
679549682
987002844
968375232
827903777
885539814
694776901
276730863
907404759
962466636
236210852
131787137
989885304
234494491
406048171
719646288
204143155
949164381
825700635
147591119
526466495
915025857
941983899
737639943
813016471
379226261
416939382
288939144
650173840
538009351
779746294
978340620
7808837
335519513
894078248
532858485
330083698
555101098
133193019
394598294
466701128
827698895
48045776
270985483
767682082
174588544
928600468
134496005
255572567
643710835
912212518
467977306
713664563
814302834
108576453
380534183
20232316
208540992
671746834
458094476
761026274
727297782
113851067
728109802
745736399
775620838
661096580
684855354
518883390
115900128
591796742
165302684
4683785
661956389
495440730
839450312
80376479
413640878
719293562
794091782
285146695
660196866
708525817
579577540
853292142
698932051
377489115
299143905
72704036
798741653
861550913
426564670
839076128
460557234
196672991
447218225
735616578
