590403724
552827479
975994252
917646129
246894217
376982014
184902579
457565550
434421739
233886277
677222442
293148603
161241570
400024547
464660924
371306136
123539075
21895422
979079433
653658542
780413128
490675815
761056452
771662840
827573634
327630335
985665488
548418774
375914398
759067249
472456914
764716426
469823309
269518416
60482322
290272924
598091086
498700250
97124724
117858410
489532647
525919135
49397250
685864268
718847067
655799181
316765981
328474587
230211592
222418344
646741498
139804958
790826190
346264165
645974041
210176683
781081152
615057760
845218715
352370991
586190202
274370447
923962624
297333341
788883754
635116715
742471473
75773416
649871928
82738807
423450489
731633701
781537025
488156875
652351899
438628331
639061824
137880424
4151191
718350355
824269161
448863978
716416892
719895811
646275892
385764309
683994948
226713375
222073046
206563728
211143940
24556908
779433211
358113099
396918735
539305433
571995165
110802060
322629724
654578502
793360452
579108327
328906694
53416110
577634149
817416893
84598829
601656268
501819067
720613838
879510213
964922896
318441311
408679015
206097056
494120921
475313076
345122412
642904369
330428430
877580008
357741164
654474182
760017685
469254403
672319045
333635621
418159119
536561715
607770167
707426717
534720473
41143098
337570540
242680257
123994499
190382141
95910725
689385531
63712807
54964307
894916203
812664597
146279766
697831733
117707262
897199276
149100942
237178883
517464230
175220718
776669486
813118809
881319136
895597076
860244437
356902386
124889222
213093982
750159720
720396576
137497806
74290351
132968382
397216133
163055014
266333835
66183353
879520646
840813871
957504760
219503268
256703516
604916230
353372746
445900804
537698028
351137282
56214297
61300158
758622047
308753159
580563313
243696552
982987765
578153934
535519798
864965353
989712354
552433176
439452044
739531734
224933859
55396697
222689624
287891423
102864214
602961048
767794885
657436735
570711818
664679795
411122243
559953723
534395149
994989909
608956151
137219556
339633087
217557802
331850307
720065571
282602667
242992622
30492320
928894899
197208103
72086812
699832216
888985900
979704735
191364338
92435534
437653535
363388862
380921283
148434480
927313020
883325173
897329061
357379196
838817067
60409452
96969368
575265277
746235942
751357064
441479294
134127961
365556685
456463394
862677687
582515020
471200872
983850328
357710538
245601825
54297896
752793883
215288460
810490648
71673101
387343677
739465507
686755072
711256339
178176370
815695516
723616222
987913086
683918876
973615062
945556368
423947445
604251205
963821394
33617575
669695188
730259930
424623995
697519528
712890969
821161320
872846247
257347400
948070451
852987603
989527202
837061777
400405213
53375669
990394078
503070865
394285118
542084702
381493495
57214615
192599477
249261016
680570772
413665004
389714403
215279638
584076696
418274149
68725840
564163755
570409004
200992386
252540438
414321841
186946588
144181975
288847764
412131683
90259358
276474700
234694511
371813756
151435079
686988307
415681615
589637686
861424787
104352719
47926817
486911343
53356776
534679186
652137868
734996566
47967212
589111093
829414137
60135373
240939377
491889155
141680061
727982476
989107389
186617192
816744538
340612815
815026344
940988695
205185795
674174783
700110892
504407764
649934790
46066551
237517770
416001435
700381777
947929439
893018282
739794111
690260280
821267631
451490033
620637202
846736522
527705106
627780506
778076882
55290014
481418229
118219488
91904922
93347582
898291305
583460071
609663169
435825803
232995164
718979154
139677135
138149029
279039127
501284638
108786937
384995518
732944987
236159880
920245060
665416530
67782670
76916408
534440368
117152269
692743793
808903237
279337952
499354616
826283483
860699496
316784285
995510940
844694405
888399725
736286721
548597885
826932130
606068436
771371254
940362152
940443224
470455540
749250757
599932305
149827612
844966609
60098241
266375391
115604829
977642255
109385960
924525817
396234542
936068530
122896858
985393860
178956677
357641261
244438359
857317954
606834318
153583732
724752784
6379096
956656070
697501905
117511461
826920898
585772320
332797858
714067972
118830761
618239548
74123525
748119600
996628106
403019839
958929766
884818618
309630129
912606004
814574835
649893433
621726273
172184116
62748863
742260098
494019684
700784555
859860181
737582979
116275481
362873974
186420281
393936523
82455467
949914045
599557999
507607739
446001290
575185759
573442032
978139535
481752761
799911087
436605597
419983921
700125138
958081907
312182481
856761364
842538758
542083027
24918216
529376484
938707426
350178148
637575320
129042889
931895413
383515101
327970824
859807555
718125569
365511261
132319882
608644760
258039080
471830296
435832008
576943759
152075494
993001710
138422411
717210206
912477325
642520116
968371824
218339379
615890988
285207302
121980795
603092384
