857402703
688986094
177953457
339250137
74309821
38187858
66484109
871410854
783683928
554926961
559258790
659881719
339709000
919723225
230249589
371701484
447395553
868729204
480218286
659739446
413169697
774959846
783550626
784499369
180240118
77376707
968562043
813487630
664453491
438512295
832872706
243954213
966282312
435240417
128507727
208525359
221529199
315621524
268416646
154719431
450393695
159309141
438405862
159884320
299336128
236712086
91077622
459154270
786243676
563245828
438742839
286922387
98323327
722388757
78996592
949082822
571926000
859000407
466046614
230359687
856508524
939449280
20445788
971750429
99341581
268389753
935058067
488691019
434929431
32479495
906026886
244096467
683769539
138827745
742604175
970780463
392553703
105048470
431624898
692374248
918750232
256090936
129951342
699934
48557128
677720905
248961590
429184376
854208136
6465143
488886971
864562441
58847458
199442643
485537660
800579461
997629215
991662290
19722856
998624506
833786463
602446888
388524229
423193994
285803828
345826902
669529249
987093848
257307034
68702423
667303109
361697794
938110172
707035363
307150748
940037207
724131825
670944749
484132942
18297441
357720941
930166392
551755522
272247829
938375364
195385172
684144357
59016900
982584438
771847774
972543574
761406103
572214701
942545841
549782941
941980608
620039145
975789360
456151811
381598060
66334130
166090729
747532960
444930745
946975903
942497787
991398196
850793837
376660292
166366837
442010067
190566302
975948910
891641519
198666529
745192084
450595509
741171254
848217988
879995304
100201356
573878331
502319151
753425227
345839562
514436334
594056055
52350955
742481723
508852997
959213662
124696405
63548441
581064545
899285163
428397722
692722947
374762926
853325241
767145183
988980759
127343255
487724980
721261378
908344112
296257784
959988614
967636783
42580059
599562574
898283582
837624483
367670763
474005527
799637085
122375390
271760791
850575339
745797259
696888532
337960051
597282191
561942442
581490300
255565988
549755056
153503314
331091939
200063133
753344341
150104697
90921541
10653802
493484134
490285964
950563648
471174451
561168479
898630993
939131422
554815620
320630491
195973319
635259849
18913236
963898182
73372724
407573112
419654213
160744998
750062223
888981139
541870088
585387013
791312285
775115203
288466350
495789814
477668797
180190869
381354862
221911981
767645011
28834546
756336977
776408846
188403952
666670421
19793144
146545356
660266820
263374774
302575332
673241983
365938708
580642856
724311490
392231919
920433225
128618507
704039404
909582320
391372351
761499371
678988780
922948498
154185124
171520460
507489887
425447130
655679849
213282368
897961486
160166347
322452424
414780050
894084738
426693258
25494472
768923078
557509742
620222076
506373973
72853553
106428941
541317594
407621224
696294932
941941768
692509899
939513022
418569078
868861390
717509408
303116149
256957394
178227132
262311547
756109100
715373501
889410530
770332405
78836165
642104310
980382230
965176259
821746057
104628697
480838986
513099930
474026962
315504778
734539124
660560389
113233530
337073763
922194380
505307557
253469513
228870348
952704112
54436814
904936606
27971466
192941141
617699774
185999818
136919621
511876761
132559639
205883126
683348633
677264593
529581575
506057704
176355227
82750713
95017789
905586173
459928846
243958807
807753279
969085143
69656760
262992060
575072421
728882052
521367867
964743424
184792884
158896039
969871331
619448707
222212764
704351137
501826811
401237497
568977018
158518167
62236617
969713263
129562904
551405934
884287944
935856168
52535072
178388118
303600002
157934728
955055391
458528560
600839450
616200658
207848690
29458361
175415387
326367158
46099435
75168260
546084222
150729924
603497728
999097702
377301657
952227490
334655282
320469378
966264903
225509349
687091239
433589085
661012383
190027964
98966309
443464584
159817314
581113161
295286333
641230339
505146031
255481798
340396596
927206150
262463634
728450220
465457487
379609323
475016318
845532838
296991673
262547962
504077019
740468300
127303177
141520541
218596095
610416928
652350703
392624792
842147144
557961602
248076632
515844161
353046756
624526195
764281583
520003354
275235972
508085447
944384473
473821795
128197475
434208471
487794369
906770706
997706554
873311676
118944657
247693129
401793960
185388585
936966175
424948619
211943865
535489403
872159142
279669874
150618080
945252056
23513669
376470860
372609186
82818729
745598751
12698542
827474989
574097438
811150373
855320882
751769308
809694283
863625698
239215606
409545237
571160888
650971224
655122391
673116269
242181522
873438459
7641736
224895036
473620611
446500148
84601864
62500017
294100053
111599931
55084359
523168910
676213366
245984900
1040167
396031729
482982195
316909758
723640562
338835818
731647256
751671550
389377684
603599161
905269444
607401251
724563133
705467215
164555626
47457827
847286541
