678932454
867986121
348992336
949347436
560180668
754579888
142629245
425917812
90338597
390346729
144555879
357281456
635911636
672827397
918999005
249656581
783520462
735768267
337428207
264200397
357473561
583921643
665319392
408978298
450818935
646292374
602081807
384502358
732156862
663245837
303136283
453903299
104078837
350259894
226166553
813007914
990738203
861633511
461153348
93327750
850276381
146821828
79987962
640820332
752970001
815078630
126090781
272886184
72434930
101631668
60673594
512201420
967098484
299878241
440555570
893840788
897404971
624989394
923009102
933805797
947621849
870988050
836824196
24214560
321431636
427854544
112535090
140264059
760647081
994157250
807136332
29992056
912607859
744833295
13294142
281253207
125597850
871808684
653176491
232626212
158111300
360681589
641222491
966287725
332318854
30556966
535950767
162387525
865890073
510457735
142968834
748655495
192515424
212536115
351072995
207066645
950635131
746055532
904827970
241292563
960546614
514830306
304610587
412655042
170404894
381293594
184289450
986571400
134253326
825882936
593240984
419338878
629724152
815034563
187793045
312826253
123788581
79258377
922578241
963310369
735594783
627857859
195562119
891619486
351683022
784269305
696579058
729313955
14808395
20189470
890860403
427644698
421203970
190444809
503131691
156477360
628973074
456572673
702224056
236352708
459939736
754217100
172271960
319573535
775210028
211528950
525865846
337518647
615322088
487468608
492193365
700258945
439521400
631510068
559620336
594223742
113463546
106913748
843885368
308956028
825309751
654925677
574407785
715762990
407936129
195965896
369348044
60753520
548896087
105957320
666532416
571302395
115468293
362332017
497317837
70987329
325916177
244133071
304964724
863290415
886155651
281323175
748164928
690712680
773212774
86287767
693736970
946382787
984321993
732690546
133916535
360398664
236313348
226897641
891640887
105070470
689514042
88209938
418040589
279077713
279166637
566329221
715919845
68675677
561234485
798303882
124209121
814531443
935197449
369472564
589587492
575209864
425971656
140457093
688022797
605543993
444662517
101722556
661832198
32559461
614251537
513549485
122223531
241241055
439706957
986073553
153328212
72294374
85660414
466603917
499374098
628268897
52126880
717176255
328999632
543820520
812679195
416619712
133356823
904031782
817615740
487771809
329263126
199975874
631704282
660025201
793892377
586518640
830532696
682634198
43025671
363049957
214423909
49893280
268298896
175110287
283338728
497886310
278969474
448745777
452098189
985865602
268193433
581826845
312786084
571658613
869911362
199846447
370733854
987777765
318596027
589161681
388605212
975569992
354177034
736379839
134326265
844778381
486877540
323160445
559737939
732193537
878232420
65764987
375436426
966401174
412049167
223431918
414070151
74885440
875533725
142081494
68606211
10910329
573716212
17689419
971338366
413026720
922963933
630608580
560032006
301193278
890590712
170319159
824923951
128725153
597894897
131210570
480582275
677529948
367048392
680487693
429549340
637797772
983037949
577858910
362687846
708368788
716013176
695736243
155568067
476624165
607921462
912611252
619578279
514403376
697937258
244228630
720171802
743063428
279722899
318551285
416100859
709992088
296652049
233340295
295462491
206077317
941068478
623988734
268141312
322354419
989181439
702952464
691110453
761074726
811739546
925483890
538091416
515722740
71605693
446808760
338126885
316425353
360840219
373731370
501078226
292826505
910018825
433386096
885437833
552968976
845834336
870580583
277907645
54490182
776127819
262113223
890237325
514735819
590933410
13956551
775240201
560650319
519000946
513314854
138835695
192535042
292107389
382140693
452093311
686724310
109193699
510773846
914415891
242225722
411188953
964011794
534851124
628457514
386688543
924558227
245577648
695701397
81608087
168717722
759446546
211599751
772773841
606144705
227481643
404894603
861755490
285784096
336291087
787462174
68029430
892996119
320012357
109519564
134370453
937655505
356088423
874667835
225513421
145133123
110450099
517864736
456235225
860600019
762871590
220411560
802493799
641351616
347513581
778799574
912292376
44955702
865794111
988034910
835968654
60758487
432513003
215052516
639232632
801969659
476499787
591977660
599847363
78637769
391133177
402993401
714695527
524709321
4594701
993865072
562285031
80862849
503603166
731764454
386131204
724043623
747193943
408649281
875374975
812186485
447998981
48438138
826066280
3607768
853087604
978368454
162771975
220149283
717289544
14253896
558511674
572844991
950420725
353603754
980902292
91099579
487677632
159113188
612705338
175818301
853055498
487857106
646748437
493962326
664404248
926745096
190223074
185778329
985790902
215925227
459431644
859207280
860197077
888875953
327337255
227310208
406774563
470984237
190167231
697282123
636662823
7404374
911854105
