10
7
15
1
4
7
6
5
7
12
13
14
10
10
3
4
2
18
5
17
11
7
17
19
18
8
1
8
9
9
2
6
12
8
9
15
2
4
4
11
14
20
8
3
2
13
3
19
14
1
3
10
21
5
2
15
10
1
6
20
14
1
21
13
2
6
4
5
6
2
2
3
15
2
7
3
2
9
10
18
11
6
4
7
1
6
1
12
15
16
5
1
4
1
6
3
6
1
6
3
1
16
1
17
1
7
3
4
14
11
8
11
4
15
13
11
1
13
1
10
4
12
9
9
5
5
12
8
2
2
1
7
7
9
10
17
11
3
4
3
8
5
9
8
5
3
1
2
10
4
5
18
7
6
8
5
5
1
11
2
17
2
16
8
3
9
5
11
18
6
10
9
12
13
2
4
10
16
17
14
12
4
10
16
19
12
5
13
17
3
6
7
5
7
2
3
11
9
7
11
5
8
14
1
3
2
7
10
11
18
12
14
15
10
6
10
6
7
2
4
16
0
9
3
2
3
8
5
12
4
8
14
4
8
9
9
19
7
22
13
1
11
6
2
9
6
2
12
10
7
4
11
20
16
15
4
8
7
3
11
4
7
4
20
2
22
9
6
21
12
8
1
8
0
1
9
1
3
6
5
13
11
8
3
5
5
15
16
3
13
19
4
6
5
3
1
1
2
14
13
