300
10 21
15 22
7 23
18 19
13 17
6 14
12 18
7 13
16 23
4 17
9 23
5 20
13 24
11 22
3 6
7 11
14 16
4 23
4 9
0 18
8 20
16 24
2 20
2 22
2 21
0 8
12 13
3 11
6 16
4 14
15 17
16 22
9 22
7 16
2 12
1 17
1 3
0 4
7 12
4 16
2 17
2 24
8 17
8 12
21 24
7 21
15 18
0 20
8 24
9 10
10 14
1 11
0 22
18 23
10 13
0 16
5 16
10 12
13 19
1 22
3 18
22 24
1 24
4 18
21 23
4 10
11 16
10 16
8 15
16 18
3 5
7 10
7 24
7 9
14 21
20 23
11 14
9 19
4 15
1 20
9 21
2 8
3 7
2 9
17 18
11 18
14 15
10 23
6 22
6 24
16 21
16 17
4 8
7 8
7 14
18 21
5 12
19 20
17 23
20 24
20 21
0 17
4 5
5 23
15 16
10 18
19 22
17 21
8 23
11 24
12 20
0 11
19 24
4 20
8 22
2 14
0 1
2 16
13 14
1 12
2 6
6 19
13 22
7 17
6 12
1 6
8 21
5 14
2 4
0 2
11 13
0 7
9 17
5 15
13 23
5 24
12 23
8 11
16 20
13 16
6 15
3 8
14 23
11 20
11 17
11 15
3 4
5 7
3 14
9 14
2 7
3 22
11 19
6 13
15 23
15 20
14 19
21 22
1 13
9 12
4 22
13 15
5 22
1 9
0 3
14 24
6 11
12 24
0 19
10 17
8 19
0 9
7 20
3 17
18 20
5 9
0 10
2 19
1 19
4 19
2 15
19 23
12 22
6 23
3 24
5 18
17 22
6 20
3 21
17 20
1 7
1 8
8 14
7 15
12 14
5 8
6 18
3 13
3 10
11 23
13 18
2 10
6 21
10 11
6 9
6 8
12 19
6 17
5 17
4 24
0 13
7 22
5 21
2 13
3 9
9 20
14 20
8 16
17 19
10 15
1 18
23 24
10 20
14 17
20 22
16 19
4 13
9 15
10 24
14 18
13 21
0 15
1 5
10 19
11 21
12 21
1 21
4 11
0 23
9 24
6 7
0 12
5 11
8 10
1 10
15 21
4 6
1 14
7 18
5 13
12 16
10 22
0 21
4 21
2 18
18 22
3 12
4 12
9 13
7 19
6 10
13 20
8 13
2 23
9 11
0 24
8 18
0 6
1 23
3 16
9 18
2 3
15 24
11 12
8 9
2 11
5 6
2 5
17 24
12 17
1 15
3 15
14 22
12 15
0 5
5 10
3 19
3 20
1 4
0 14
3 23
15 19
9 16
18 24
4 7
22 23
1 2
19 21
1 16
5 19
